
70.000000 35.000000 0.000000
69.938750 34.938750 0.122500
69.877662 34.877662 0.244676
69.816735 34.816735 0.366530
69.755969 34.755969 0.488062
69.695363 34.695363 0.609274
69.634916 34.634916 0.730167
69.574629 34.574629 0.850742
69.514499 34.514499 0.971001
69.454528 34.454528 1.090945
69.394713 34.394713 1.210574
69.335055 34.335055 1.329890
69.275552 34.275552 1.448895
69.216206 34.216206 1.567589
69.157013 34.157013 1.685973
69.097975 34.097975 1.804050
69.039091 34.039091 1.921819
68.980359 33.980359 2.039281
68.921780 33.921780 2.156440
68.863353 33.863353 2.273294
68.805077 33.805077 2.389846
68.746952 33.746952 2.506096
68.688977 33.688977 2.622046
68.631152 33.631152 2.737696
68.573476 33.573476 2.853049
68.515948 33.515948 2.968104
68.458568 33.458568 3.082864
68.401336 33.401336 3.197328
68.344250 33.344250 3.311499
68.287311 33.287311 3.425377
68.230518 33.230518 3.538964
68.173870 33.173870 3.652260
68.117367 33.117367 3.765266
68.061008 33.061008 3.877985
68.004792 33.004792 3.990415
67.948720 32.948720 4.102560
67.892791 32.892791 4.214419
67.837003 32.837003 4.325994
67.781357 32.781357 4.437285
67.725853 32.725853 4.548295
67.670488 32.670488 4.659023
67.615264 32.615264 4.769471
67.560180 32.560180 4.879640
67.505234 32.505234 4.989531
67.450427 32.450427 5.099145
67.395758 32.395758 5.208483
67.341227 32.341227 5.317546
67.286833 32.286833 5.426334
67.232575 32.232575 5.534850
67.178453 32.178453 5.643093
67.124467 32.124467 5.751065
67.070617 32.070617 5.858767
67.016900 32.016900 5.966200
66.963318 31.963318 6.073364
66.909870 31.909870 6.180261
66.856554 31.856554 6.286892
66.803372 31.803372 6.393257
66.750321 31.750321 6.499358
66.697403 31.697403 6.605195
66.644615 31.644615 6.710769
66.591959 31.591959 6.816082
66.539433 31.539433 6.921135
66.487037 31.487037 7.025927
66.434770 31.434770 7.130460
66.382632 31.382632 7.234736
66.330623 31.330623 7.338754
66.278742 31.278742 7.442517
66.226988 31.226988 7.546023
66.175362 31.175362 7.649276
66.123862 31.123862 7.752275
66.072489 31.072489 7.855021
66.021242 31.021242 7.957516
65.970120 30.970120 8.059760
65.919123 30.919123 8.161754
65.868251 30.868251 8.263499
65.817502 30.817502 8.364996
65.766878 30.766878 8.466245
65.716376 30.716376 8.567248
65.665998 30.665998 8.668005
65.615742 30.615742 8.768517
65.565607 30.565607 8.868785
65.515595 30.515595 8.968811
65.465703 30.465703 9.068594
65.415932 30.415932 9.168135
65.366282 30.366282 9.267436
65.316751 30.316751 9.366497
65.267340 30.267340 9.465320
65.218048 30.218048 9.563904
65.168875 30.168875 9.662250
65.119820 30.119820 9.760361
65.070882 30.070882 9.858235
65.022062 30.022062 9.955875
64.973360 29.973360 10.053281
64.924773 29.924773 10.150453
64.876303 29.876303 10.247393
64.827949 29.827949 10.344102
64.779711 29.779711 10.440579
64.731587 29.731587 10.536826
64.683578 29.683578 10.632844
64.635683 29.635683 10.728633
64.587903 29.587903 10.824195
64.540235 29.540235 10.919530
64.492681 29.492681 11.014638
64.445240 29.445240 11.109521
64.397911 29.397911 11.204179
64.350694 29.350694 11.298613
64.303588 29.303588 11.392824
64.256594 29.256594 11.486812
64.209711 29.209711 11.580579
64.162938 29.162938 11.674125
64.116275 29.116275 11.767450
64.069722 29.069722 11.860556
64.023278 29.023278 11.953443
63.976944 28.976944 12.046113
63.930718 28.930718 12.138564
63.884600 28.884600 12.230800
63.838590 28.838590 12.322819
63.792688 28.792688 12.414624
63.746893 28.746893 12.506213
63.701205 28.701205 12.597590
63.655624 28.655624 12.688753
63.610148 28.610148 12.779703
63.564779 28.564779 12.870443
63.519515 28.519515 12.960971
63.474356 28.474356 13.051289
63.429301 28.429301 13.141398
63.384351 28.384351 13.231297
63.339506 28.339506 13.320989
63.294764 28.294764 13.410473
63.250125 28.250125 13.499750
63.205589 28.205589 13.588821
63.161156 28.161156 13.677687
63.116826 28.116826 13.766348
63.072597 28.072597 13.854805
63.028471 28.028471 13.943059
62.984445 27.984445 14.031109
62.940521 27.940521 14.118958
62.896697 27.896697 14.206605
62.852974 27.852974 14.294051
62.809351 27.809351 14.381298
62.765828 27.765828 14.468344
62.722404 27.722404 14.555192
62.679079 27.679079 14.641842
62.635853 27.635853 14.728294
62.592725 27.592725 14.814549
62.549696 27.549696 14.900608
62.506764 27.506764 14.986471
62.463930 27.463930 15.072140
62.421193 27.421193 15.157613
62.378553 27.378553 15.242893
62.336010 27.336010 15.327980
62.293563 27.293563 15.412875
62.251211 27.251211 15.497577
62.208956 27.208956 15.582088
62.166796 27.166796 15.666409
62.124731 27.124731 15.750539
62.082760 27.082760 15.834480
62.040884 27.040884 15.918232
61.999102 26.999102 16.001795
61.957414 26.957414 16.085171
61.915820 26.915820 16.168360
61.874319 26.874319 16.251363
61.832910 26.832910 16.334179
61.791595 26.791595 16.416810
61.750372 26.750372 16.499257
61.709241 26.709241 16.581519
61.668201 26.668201 16.663598
61.627253 26.627253 16.745493
61.586397 26.586397 16.827207
61.545631 26.545631 16.908738
61.504956 26.504956 16.990088
61.464371 26.464371 17.071258
61.423876 26.423876 17.152247
61.383471 26.383471 17.233057
61.343156 26.343156 17.313688
61.302930 26.302930 17.394140
61.262793 26.262793 17.474415
61.222744 26.222744 17.554512
61.182784 26.182784 17.634432
61.142912 26.142912 17.714176
61.103128 26.103128 17.793745
61.063431 26.063431 17.873138
61.023822 26.023822 17.952356
60.984299 25.984299 18.031401
60.944864 25.944864 18.110272
60.905515 25.905515 18.188970
60.866252 25.866252 18.267496
60.827075 25.827075 18.345850
60.787984 25.787984 18.424032
60.748978 25.748978 18.502044
60.710058 25.710058 18.579885
60.671222 25.671222 18.657556
60.632471 25.632471 18.735058
60.593804 25.593804 18.812391
60.555222 25.555222 18.889556
60.516723 25.516723 18.966554
60.478308 25.478308 19.043384
60.439976 25.439976 19.120047
60.401728 25.401728 19.196544
60.363562 25.363562 19.272876
60.325479 25.325479 19.349042
60.287478 25.287478 19.425044
60.249559 25.249559 19.500881
60.211723 25.211723 19.576555
60.173967 25.173967 19.652065
60.136293 25.136293 19.727413
60.098701 25.098701 19.802599
60.061189 25.061189 19.877623
60.023757 25.023757 19.952486
59.986406 24.986406 20.027187
59.949135 24.949135 20.101729
59.911944 24.911944 20.176111
59.874833 24.874833 20.250334
59.837801 24.837801 20.324398
59.800848 24.800848 20.398303
59.763975 24.763975 20.472051
59.727180 24.727180 20.545641
59.690463 24.690463 20.619074
59.653824 24.653824 20.692351
59.617264 24.617264 20.765472
59.580781 24.580781 20.838437
59.544376 24.544376 20.911248
59.508048 24.508048 20.983903
59.471797 24.471797 21.056405
59.435623 24.435623 21.128753
59.399526 24.399526 21.200948
59.363505 24.363505 21.272990
59.327560 24.327560 21.344879
59.291691 24.291691 21.416617
59.255898 24.255898 21.488204
59.220180 24.220180 21.559639
59.184538 24.184538 21.630924
59.148970 24.148970 21.702059
59.113478 24.113478 21.773044
59.078060 24.078060 21.843881
59.042716 24.042716 21.914568
59.007447 24.007447 21.985107
58.972251 23.972251 22.055498
58.937129 23.937129 22.125742
58.902081 23.902081 22.195839
58.867106 23.867106 22.265789
58.832204 23.832204 22.335593
58.797374 23.797374 22.405251
58.762618 23.762618 22.474764
58.727934 23.727934 22.544133
58.693322 23.693322 22.613356
58.658782 23.658782 22.682436
58.624314 23.624314 22.751372
58.589917 23.589917 22.820165
58.555592 23.555592 22.888815
58.521338 23.521338 22.957323
58.487156 23.487156 23.025689
58.453043 23.453043 23.093913
58.419002 23.419002 23.161996
58.385031 23.385031 23.229939
58.351129 23.351129 23.297741
58.317298 23.317298 23.365403
58.283537 23.283537 23.432926
58.249845 23.249845 23.500310
58.216223 23.216223 23.567555
58.182669 23.182669 23.634662
58.149185 23.149185 23.701630
58.115769 23.115769 23.768462
58.082422 23.082422 23.835156
58.049143 23.049143 23.901713
58.015933 23.015933 23.968134
57.982790 22.982790 24.034420
57.949715 22.949715 24.100569
57.916708 22.916708 24.166584
57.883768 22.883768 24.232463
57.850896 22.850896 24.298209
57.818090 22.818090 24.363820
57.785351 22.785351 24.429298
57.752679 22.752679 24.494642
57.720073 22.720073 24.559853
57.687534 22.687534 24.624932
57.655060 22.655060 24.689879
57.622653 22.622653 24.754694
57.590311 22.590311 24.819378
57.558034 22.558034 24.883931
57.525823 22.525823 24.948353
57.493677 22.493677 25.012645
57.461597 22.461597 25.076807
57.429580 22.429580 25.140839
57.397629 22.397629 25.204743
57.365741 22.365741 25.268517
57.333918 22.333918 25.332163
57.302160 22.302160 25.395681
57.270464 22.270464 25.459071
57.238833 22.238833 25.522334
57.207265 22.207265 25.585470
57.175761 22.175761 25.648479
57.144319 22.144319 25.711362
57.112941 22.112941 25.774119
57.081625 22.081625 25.836750
57.050372 22.050372 25.899256
57.019181 22.019181 25.961637
56.988053 21.988053 26.023894
56.956987 21.956987 26.086026
56.925983 21.925983 26.148034
56.895040 21.895040 26.209919
56.864159 21.864159 26.271681
56.833340 21.833340 26.333320
56.802582 21.802582 26.394836
56.771885 21.771885 26.456231
56.741248 21.741248 26.517503
56.710673 21.710673 26.578654
56.680158 21.680158 26.639684
56.649704 21.649704 26.700593
56.619309 21.619309 26.761381
56.588975 21.588975 26.822049
56.558701 21.558701 26.882598
56.528487 21.528487 26.943027
56.498332 21.498332 27.003337
56.468236 21.468236 27.063528
56.438200 21.438200 27.123600
56.408223 21.408223 27.183554
56.378305 21.378305 27.243391
56.348445 21.348445 27.303109
56.318645 21.318645 27.362711
56.288902 21.288902 27.422195
56.259218 21.259218 27.481563
56.229592 21.229592 27.540815
56.200025 21.200025 27.599951
56.170515 21.170515 27.658971
56.141062 21.141062 27.717876
56.111667 21.111667 27.776665
56.082330 21.082330 27.835340
56.053049 21.053049 27.893901
56.023826 21.023826 27.952348
55.994660 20.994660 28.010680
55.965550 20.965550 28.068900
55.936497 20.936497 28.127006
55.907501 20.907501 28.184999
55.878560 20.878560 28.242879
55.849676 20.849676 28.300648
55.820848 20.820848 28.358304
55.792076 20.792076 28.415849
55.763359 20.763359 28.473282
55.734698 20.734698 28.530604
55.706092 20.706092 28.587816
55.677542 20.677542 28.644917
55.649046 20.649046 28.701908
55.620606 20.620606 28.758789
55.592220 20.592220 28.815560
55.563889 20.563889 28.872222
55.535612 20.535612 28.928775
55.507390 20.507390 28.985219
55.479222 20.479222 29.041555
55.451108 20.451108 29.097783
55.423049 20.423049 29.153903
55.395042 20.395042 29.209915
55.367090 20.367090 29.265820
55.339191 20.339191 29.321618
55.311345 20.311345 29.377310
55.283553 20.283553 29.432894
55.255813 20.255813 29.488373
55.228127 20.228127 29.543746
55.200493 20.200493 29.599013
55.172913 20.172913 29.654175
55.145384 20.145384 29.709232
55.117908 20.117908 29.764184
55.090484 20.090484 29.819031
55.063113 20.063113 29.873775
55.035793 20.035793 29.928414
55.008525 20.008525 29.982950
54.981309 19.981309 30.037382
54.954144 19.954144 30.091711
54.927031 19.927031 30.145938
54.899969 19.899969 30.200061
54.872959 19.872959 30.254083
54.845999 19.845999 30.308002
54.819090 19.819090 30.361820
54.792232 19.792232 30.415536
54.765425 19.765425 30.469150
54.738668 19.738668 30.522664
54.711962 19.711962 30.576077
54.685305 19.685305 30.629389
54.658699 19.658699 30.682602
54.632143 19.632143 30.735714
54.605637 19.605637 30.788727
54.579180 19.579180 30.841640
54.552773 19.552773 30.894454
54.526416 19.526416 30.947169
54.500107 19.500107 30.999785
54.473849 19.473849 31.052303
54.447639 19.447639 31.104723
54.421478 19.421478 31.157044
54.395366 19.395366 31.209269
54.369302 19.369302 31.261395
54.343288 19.343288 31.313425
54.317321 19.317321 31.365357
54.291403 19.291403 31.417193
54.265534 19.265534 31.468933
54.239712 19.239712 31.520576
54.213938 19.213938 31.572124
54.188212 19.188212 31.623575
54.162534 19.162534 31.674932
54.136904 19.136904 31.726193
54.111321 19.111321 31.777359
54.085785 19.085785 31.828430
54.060296 19.060296 31.879407
54.034855 19.034855 31.930290
54.009461 19.009461 31.981079
53.984113 18.984113 32.031773
53.958813 18.958813 32.082375
53.933559 18.933559 32.132883
53.908351 18.908351 32.183298
53.883190 18.883190 32.233620
53.858075 18.858075 32.283850
53.833006 18.833006 32.333987
53.807984 18.807984 32.384032
53.783007 18.783007 32.433986
53.758076 18.758076 32.483847
53.733191 18.733191 32.533618
53.708352 18.708352 32.583297
53.683558 18.683558 32.632885
53.658809 18.658809 32.682382
53.634106 18.634106 32.731789
53.609447 18.609447 32.781105
53.584834 18.584834 32.830332
53.560266 18.560266 32.879469
53.535742 18.535742 32.928516
53.511263 18.511263 32.977473
53.486829 18.486829 33.026342
53.462439 18.462439 33.075121
53.438094 18.438094 33.123812
53.413793 18.413793 33.172415
53.389536 18.389536 33.220929
53.365323 18.365323 33.269355
53.341154 18.341154 33.317693
53.317028 18.317028 33.365943
53.292947 18.292947 33.414107
53.268909 18.268909 33.462182
53.244914 18.244914 33.510171
53.220963 18.220963 33.558074
53.197055 18.197055 33.605889
53.173191 18.173191 33.653619
53.149369 18.149369 33.701262
53.125590 18.125590 33.748819
53.101854 18.101854 33.796291
53.078161 18.078161 33.843677
53.054511 18.054511 33.890978
53.030903 18.030903 33.938194
53.007338 18.007338 33.985325
52.983814 17.983814 34.032371
52.960333 17.960333 34.079333
52.936895 17.936895 34.126211
52.913498 17.913498 34.173005
52.890143 17.890143 34.219714
52.866830 17.866830 34.266341
52.843558 17.843558 34.312883
52.820329 17.820329 34.359343
52.797140 17.797140 34.405720
52.773993 17.773993 34.452013
52.750888 17.750888 34.498225
52.727823 17.727823 34.544353
52.704800 17.704800 34.590400
52.681818 17.681818 34.636365
52.658876 17.658876 34.682247
52.635976 17.635976 34.728049
52.613116 17.613116 34.773768
52.590297 17.590297 34.819407
52.567518 17.567518 34.864964
52.544779 17.544779 34.910441
52.522081 17.522081 34.955837
52.499424 17.499424 35.001153
52.476806 17.476806 35.046388
52.454228 17.454228 35.091544
52.431690 17.431690 35.136619
52.409192 17.409192 35.181615
52.386734 17.386734 35.226532
52.364316 17.364316 35.271369
52.341936 17.341936 35.316127
52.319597 17.319597 35.360806
52.297297 17.297297 35.405407
52.275036 17.275036 35.449929
52.252814 17.252814 35.494372
52.230631 17.230631 35.538738
52.208487 17.208487 35.583025
52.186382 17.186382 35.627235
52.164316 17.164316 35.671367
52.142289 17.142289 35.715422
52.120300 17.120300 35.759400
52.098350 17.098350 35.803300
52.076438 17.076438 35.847124
52.054564 17.054564 35.890871
52.032729 17.032729 35.934542
52.010932 17.010932 35.978136
51.989173 16.989173 36.021654
51.967452 16.967452 36.065096
51.945769 16.945769 36.108463
51.924123 16.924123 36.151754
51.902515 16.902515 36.194969
51.880945 16.880945 36.238110
51.859413 16.859413 36.281175
51.837917 16.837917 36.324165
51.816460 16.816460 36.367081
51.795039 16.795039 36.409922
51.773656 16.773656 36.452689
51.752309 16.752309 36.495381
51.731000 16.731000 36.538000
51.709728 16.709728 36.580545
51.688492 16.688492 36.623016
51.667293 16.667293 36.665414
51.646131 16.646131 36.707738
51.625005 16.625005 36.749989
51.603916 16.603916 36.792168
51.582863 16.582863 36.834273
51.561847 16.561847 36.876306
51.540867 16.540867 36.918266
51.519923 16.519923 36.960155
51.499015 16.499015 37.001971
51.478143 16.478143 37.043715
51.457306 16.457306 37.085387
51.436506 16.436506 37.126988
51.415741 16.415741 37.168517
51.395012 16.395012 37.209975
51.374319 16.374319 37.251362
51.353661 16.353661 37.292678
51.333038 16.333038 37.333923
51.312451 16.312451 37.375098
51.291899 16.291899 37.416202
51.271382 16.271382 37.457235
51.250900 16.250900 37.498199
51.230454 16.230454 37.539093
51.210042 16.210042 37.579917
51.189664 16.189664 37.620671
51.169322 16.169322 37.661356
51.149014 16.149014 37.701971
51.128741 16.128741 37.742517
51.108503 16.108503 37.782995
51.088298 16.088298 37.823403
51.068129 16.068129 37.863743
51.047993 16.047993 37.904014
51.027892 16.027892 37.944217
51.007824 16.007824 37.984351
50.987791 15.987791 38.024418
50.967792 15.967792 38.064417
50.947826 15.947826 38.104347
50.927895 15.927895 38.144211
50.907997 15.907997 38.184007
50.888132 15.888132 38.223735
50.868302 15.868302 38.263396
50.848505 15.848505 38.302991
50.828741 15.828741 38.342518
50.809010 15.809010 38.381979
50.789313 15.789313 38.421374
50.769649 15.769649 38.460702
50.750018 15.750018 38.499963
50.730420 15.730420 38.539159
50.710856 15.710856 38.578289
50.691324 15.691324 38.617353
50.671824 15.671824 38.656351
50.652358 15.652358 38.695284
50.632924 15.632924 38.734152
50.613523 15.613523 38.772954
50.594154 15.594154 38.811691
50.574818 15.574818 38.850364
50.555514 15.555514 38.888971
50.536243 15.536243 38.927515
50.517003 15.517003 38.965993
50.497796 15.497796 39.004407
50.478621 15.478621 39.042758
50.459478 15.459478 39.081044
50.440367 15.440367 39.119266
50.421288 15.421288 39.157424
50.402240 15.402240 39.195519
50.383225 15.383225 39.233551
50.364241 15.364241 39.271519
50.345288 15.345288 39.309424
50.326367 15.326367 39.347266
50.307478 15.307478 39.385045
50.288619 15.288619 39.422761
50.269792 15.269792 39.460415
50.250997 15.250997 39.498006
50.232232 15.232232 39.535535
50.213499 15.213499 39.573002
50.194797 15.194797 39.610407
50.176125 15.176125 39.647749
50.157485 15.157485 39.685030
50.138875 15.138875 39.722250
50.120296 15.120296 39.759408
50.101748 15.101748 39.796504
50.083230 15.083230 39.833539
50.064743 15.064743 39.870514
50.046287 15.046287 39.907427
50.027860 15.027860 39.944279
50.009465 15.009465 39.981071
49.991099 14.991099 40.017802
49.972764 14.972764 40.054473
49.954458 14.954458 40.091083
49.936183 14.936183 40.127633
49.917938 14.917938 40.164124
49.899723 14.899723 40.200554
49.881538 14.881538 40.236925
49.863382 14.863382 40.273236
49.845256 14.845256 40.309487
49.827160 14.827160 40.345679
49.809094 14.809094 40.381812
49.791057 14.791057 40.417886
49.773050 14.773050 40.453901
49.755072 14.755072 40.489856
49.737123 14.737123 40.525754
49.719204 14.719204 40.561592
49.701314 14.701314 40.597372
49.683453 14.683453 40.633094
49.665621 14.665621 40.668758
49.647818 14.647818 40.704363
49.630045 14.630045 40.739911
49.612300 14.612300 40.775400
49.594584 14.594584 40.810832
49.576897 14.576897 40.846207
49.559238 14.559238 40.881524
49.541608 14.541608 40.916783
49.524007 14.524007 40.951986
49.506434 14.506434 40.987131
49.488890 14.488890 41.022219
49.471375 14.471375 41.057251
49.453887 14.453887 41.092226
49.436428 14.436428 41.127144
49.418997 14.418997 41.162006
49.401595 14.401595 41.196811
49.384220 14.384220 41.231560
49.366873 14.366873 41.266253
49.349555 14.349555 41.300890
49.332264 14.332264 41.335471
49.315002 14.315002 41.369997
49.297767 14.297767 41.404467
49.280560 14.280560 41.438881
49.263380 14.263380 41.473240
49.246228 14.246228 41.507544
49.229104 14.229104 41.541792
49.212007 14.212007 41.575986
49.194938 14.194938 41.610124
49.177896 14.177896 41.644208
49.160882 14.160882 41.678237
49.143894 14.143894 41.712211
49.126934 14.126934 41.746131
49.110001 14.110001 41.779997
49.093096 14.093096 41.813809
49.076217 14.076217 41.847566
49.059365 14.059365 41.881270
49.042540 14.042540 41.914919
49.025743 14.025743 41.948515
49.008971 14.008971 41.982057
48.992227 13.992227 42.015546
48.975510 13.975510 42.048981
48.958819 13.958819 42.082363
48.942154 13.942154 42.115691
48.925516 13.925516 42.148967
48.908905 13.908905 42.182190
48.892320 13.892320 42.215360
48.875762 13.875762 42.248477
48.859229 13.859229 42.281541
48.842723 13.842723 42.314553
48.826244 13.826244 42.347513
48.809790 13.809790 42.380420
48.793363 13.793363 42.413275
48.776961 13.776961 42.446078
48.760586 13.760586 42.478829
48.744236 13.744236 42.511528
48.727912 13.727912 42.544175
48.711614 13.711614 42.576771
48.695342 13.695342 42.609315
48.679096 13.679096 42.641808
48.662875 13.662875 42.674250
48.646680 13.646680 42.706640
48.630511 13.630511 42.738979
48.614366 13.614366 42.771267
48.598248 13.598248 42.803504
48.582155 13.582155 42.835691
48.566087 13.566087 42.867827
48.550044 13.550044 42.899912
48.534027 13.534027 42.931947
48.518034 13.518034 42.963931
48.502067 13.502067 42.995865
48.486125 13.486125 43.027749
48.470208 13.470208 43.059583
48.454316 13.454316 43.091367
48.438449 13.438449 43.123101
48.422607 13.422607 43.154786
48.406790 13.406790 43.186420
48.390997 13.390997 43.218006
48.375229 13.375229 43.249542
48.359486 13.359486 43.281028
48.343767 13.343767 43.312465
48.328073 13.328073 43.343853
48.312404 13.312404 43.375193
48.296759 13.296759 43.406483
48.281138 13.281138 43.437724
48.265542 13.265542 43.468917
48.249970 13.249970 43.500061
48.234422 13.234422 43.531156
48.218898 13.218898 43.562204
48.203399 13.203399 43.593202
48.187924 13.187924 43.624153
48.172472 13.172472 43.655055
48.157045 13.157045 43.685910
48.141642 13.141642 43.716716
48.126263 13.126263 43.747475
48.110907 13.110907 43.778186
48.095575 13.095575 43.808849
48.080267 13.080267 43.839465
48.064983 13.064983 43.870033
48.049723 13.049723 43.900554
48.034486 13.034486 43.931028
48.019273 13.019273 43.961455
48.004083 13.004083 43.991834
47.988917 12.988917 44.022167
47.973774 12.973774 44.052453
47.958654 12.958654 44.082692
47.943558 12.943558 44.112884
47.928485 12.928485 44.143030
47.913435 12.913435 44.173129
47.898409 12.898409 44.203182
47.883406 12.883406 44.233189
47.868426 12.868426 44.263149
47.853468 12.853468 44.293063
47.838534 12.838534 44.322932
47.823623 12.823623 44.352754
47.808735 12.808735 44.382530
47.793869 12.793869 44.412261
47.779027 12.779027 44.441946
47.764207 12.764207 44.471586
47.749410 12.749410 44.501180
47.734635 12.734635 44.530729
47.719884 12.719884 44.560233
47.705154 12.705154 44.589691
47.690448 12.690448 44.619104
47.675764 12.675764 44.648473
47.661102 12.661102 44.677796
47.646463 12.646463 44.707074
47.631846 12.631846 44.736308
47.617251 12.617251 44.765497
47.602679 12.602679 44.794642
47.588129 12.588129 44.823742
47.573601 12.573601 44.852798
47.559095 12.559095 44.881810
47.544612 12.544612 44.910777
47.530150 12.530150 44.939700
47.515710 12.515710 44.968579
47.501293 12.501293 44.997415
47.486897 12.486897 45.026206
47.472523 12.472523 45.054954
47.458171 12.458171 45.083658
47.443841 12.443841 45.112318
47.429532 12.429532 45.140935
47.415246 12.415246 45.169509
47.400981 12.400981 45.198039
47.386737 12.386737 45.226526
47.372515 12.372515 45.254970
47.358315 12.358315 45.283370
47.344136 12.344136 45.311728
47.329978 12.329978 45.340043
47.315842 12.315842 45.368315
47.301728 12.301728 45.396544
47.287634 12.287634 45.424731
47.273562 12.273562 45.452875
47.259511 12.259511 45.480977
47.245482 12.245482 45.509036
47.231473 12.231473 45.537053
47.217486 12.217486 45.565028
47.203520 12.203520 45.592961
47.189574 12.189574 45.620851
47.175650 12.175650 45.648700
47.161747 12.161747 45.676507
47.147864 12.147864 45.704272
47.134003 12.134003 45.731995
47.120162 12.120162 45.759676
47.106342 12.106342 45.787316
47.092543 12.092543 45.814915
47.078764 12.078764 45.842472
47.065006 12.065006 45.869988
47.051269 12.051269 45.897463
47.037552 12.037552 45.924896
47.023856 12.023856 45.952288
47.010180 12.010180 45.979640
46.996525 11.996525 46.006950
46.982890 11.982890 46.034220
46.969276 11.969276 46.061449
46.955682 11.955682 46.088637
46.942108 11.942108 46.115784
46.928554 11.928554 46.142891
46.915021 11.915021 46.169958
46.901508 11.901508 46.196984
46.888015 11.888015 46.223970
46.874542 11.874542 46.250916
46.861089 11.861089 46.277822
46.847656 11.847656 46.304687
46.834243 11.834243 46.331513
46.820851 11.820851 46.358299
46.807478 11.807478 46.385045
46.794125 11.794125 46.411751
46.780791 11.780791 46.438418
46.767478 11.767478 46.465044
46.754184 11.754184 46.491632
46.740910 11.740910 46.518180
46.727656 11.727656 46.544689
46.714421 11.714421 46.571158
46.701206 11.701206 46.597588
46.688010 11.688010 46.623979
46.674834 11.674834 46.650331
46.661678 11.661678 46.676644
46.648541 11.648541 46.702919
46.635423 11.635423 46.729154
46.622325 11.622325 46.755350
46.609246 11.609246 46.781508
46.596186 11.596186 46.807628
46.583146 11.583146 46.833708
46.570125 11.570125 46.859751
46.557123 11.557123 46.885755
46.544140 11.544140 46.911720
46.531176 11.531176 46.937647
46.518232 11.518232 46.963537
46.505306 11.505306 46.989388
46.492400 11.492400 47.015201
46.479512 11.479512 47.040976
46.466643 11.466643 47.066713
46.453794 11.453794 47.092413
46.440963 11.440963 47.118075
46.428151 11.428151 47.143699
46.415357 11.415357 47.169285
46.402583 11.402583 47.194834
46.389827 11.389827 47.220346
46.377090 11.377090 47.245820
46.364372 11.364372 47.271257
46.351672 11.351672 47.296657
46.338990 11.338990 47.322019
46.326328 11.326328 47.347345
46.313684 11.313684 47.372633
46.301058 11.301058 47.397884
46.288451 11.288451 47.423099
46.275862 11.275862 47.448277
46.263291 11.263291 47.473418
46.250739 11.250739 47.498522
46.238205 11.238205 47.523590
46.225689 11.225689 47.548621
46.213192 11.213192 47.573616
46.200713 11.200713 47.598574
46.188252 11.188252 47.623496
46.175809 11.175809 47.648382
46.163384 11.163384 47.673232
46.150977 11.150977 47.698045
46.138589 11.138589 47.722823
46.126218 11.126218 47.747564
46.113865 11.113865 47.772270
46.101530 11.101530 47.796940
46.089213 11.089213 47.821574
46.076914 11.076914 47.846172
46.064633 11.064633 47.870734
46.052369 11.052369 47.895261
46.040124 11.040124 47.919753
46.027896 11.027896 47.944209
46.015685 11.015685 47.968630
46.003493 11.003493 47.993015
45.991317 10.991317 48.017365
45.979160 10.979160 48.041680
45.967020 10.967020 48.065960
45.954898 10.954898 48.090204
45.942793 10.942793 48.114414
45.930705 10.930705 48.138589
45.918635 10.918635 48.162729
45.906583 10.906583 48.186834
45.894548 10.894548 48.210905
45.882530 10.882530 48.234940
45.870529 10.870529 48.258942
45.858546 10.858546 48.282908
45.846580 10.846580 48.306841
45.834631 10.834631 48.330738
45.822699 10.822699 48.354602
45.810785 10.810785 48.378431
45.798887 10.798887 48.402226
45.787007 10.787007 48.425987
45.775143 10.775143 48.449713
45.763297 10.763297 48.473406
45.751468 10.751468 48.497065
45.739655 10.739655 48.520690
45.727860 10.727860 48.544281
45.716081 10.716081 48.567838
45.704319 10.704319 48.591361
45.692574 10.692574 48.614851
45.680846 10.680846 48.638308
45.669135 10.669135 48.661730
45.657440 10.657440 48.685120
45.645762 10.645762 48.708475
45.634101 10.634101 48.731798
45.622456 10.622456 48.755087
45.610828 10.610828 48.778343
45.599217 10.599217 48.801566
45.587622 10.587622 48.824756
45.576044 10.576044 48.847913
45.564482 10.564482 48.871036
45.552936 10.552936 48.894127
45.541407 10.541407 48.917185
45.529895 10.529895 48.940210
45.518399 10.518399 48.963203
45.506919 10.506919 48.986163
45.495455 10.495455 49.009090
45.484008 10.484008 49.031984
45.472577 10.472577 49.054846
45.461162 10.461162 49.077676
45.449763 10.449763 49.100473
45.438381 10.438381 49.123238
45.427015 10.427015 49.145971
45.415664 10.415664 49.168671
45.404330 10.404330 49.191340
45.393012 10.393012 49.213976
45.381710 10.381710 49.236580
45.370424 10.370424 49.259153
45.359154 10.359154 49.281693
45.347899 10.347899 49.304201
45.336661 10.336661 49.326678
45.325438 10.325438 49.349123
45.314232 10.314232 49.371536
45.303041 10.303041 49.393918
45.291866 10.291866 49.416268
45.280707 10.280707 49.438587
45.269563 10.269563 49.460874
45.258435 10.258435 49.483129
45.247323 10.247323 49.505354
45.236227 10.236227 49.527547
45.225146 10.225146 49.549709
45.214080 10.214080 49.571839
45.203031 10.203031 49.593939
45.191996 10.191996 49.616007
45.180977 10.180977 49.638045
45.169974 10.169974 49.660052
45.158986 10.158986 49.682027
45.148014 10.148014 49.703972
45.137057 10.137057 49.725886
45.126115 10.126115 49.747769
45.115189 10.115189 49.769622
45.104278 10.104278 49.791444
45.093382 10.093382 49.813236
45.082502 10.082502 49.834997
45.071636 10.071636 49.856727
45.060786 10.060786 49.878427
45.049951 10.049951 49.900097
45.039132 10.039132 49.921737
45.028327 10.028327 49.943346
45.017538 10.017538 49.964925
45.006763 10.006763 49.986474
44.996004 9.996004 50.007993
44.985259 9.985259 50.029482
44.974530 9.974530 50.050940
44.963815 9.963815 50.072369
44.953116 9.953116 50.093768
44.942431 9.942431 50.115138
44.931761 9.931761 50.136477
44.921106 9.921106 50.157787
44.910466 9.910466 50.179067
44.899841 9.899841 50.200318
44.889230 9.889230 50.221539
44.878635 9.878635 50.242731
44.868054 9.868054 50.263893
44.857487 9.857487 50.285025
44.846936 9.846936 50.306129
44.836399 9.836399 50.327203
44.825876